INSERT INTO public.subject_grade_correlation (first_subject, second_subject, correlation)
VALUES (1, 1, 1);
INSERT INTO public.subject_grade_correlation (first_subject, second_subject, correlation)
VALUES (1, 2, 0.03826682455661278);
INSERT INTO public.subject_grade_correlation (first_subject, second_subject, correlation)
VALUES (1, 4, -0.02709510464671677);
INSERT INTO public.subject_grade_correlation (first_subject, second_subject, correlation)
VALUES (1, 3, -0.02936716804199381);
INSERT INTO public.subject_grade_correlation (first_subject, second_subject, correlation)
VALUES (1, 6, -0.030142110244715213);
INSERT INTO public.subject_grade_correlation (first_subject, second_subject, correlation)
VALUES (1, 10, 0.03553684277307609);
INSERT INTO public.subject_grade_correlation (first_subject, second_subject, correlation)
VALUES (1, 11, 0.03813336055800914);
INSERT INTO public.subject_grade_correlation (first_subject, second_subject, correlation)
VALUES (1, 12, 0.01433880597332955);
INSERT INTO public.subject_grade_correlation (first_subject, second_subject, correlation)
VALUES (1, 13, -0.0528468519990133);
INSERT INTO public.subject_grade_correlation (first_subject, second_subject, correlation)
VALUES (1, 17, -0.02461132466079115);
INSERT INTO public.subject_grade_correlation (first_subject, second_subject, correlation)
VALUES (1, 22, 0.02532079568053233);
INSERT INTO public.subject_grade_correlation (first_subject, second_subject, correlation)
VALUES (1, 24, -0.031123050111317385);
INSERT INTO public.subject_grade_correlation (first_subject, second_subject, correlation)
VALUES (1, 29, 0.02682961049581364);
INSERT INTO public.subject_grade_correlation (first_subject, second_subject, correlation)
VALUES (1, 39, -0.09638451060863304);
INSERT INTO public.subject_grade_correlation (first_subject, second_subject, correlation)
VALUES (1, 40, 0.02111509515457636);
INSERT INTO public.subject_grade_correlation (first_subject, second_subject, correlation)
VALUES (1, 41, -0.026567102941711614);
INSERT INTO public.subject_grade_correlation (first_subject, second_subject, correlation)
VALUES (1, 26, -0.6);
INSERT INTO public.subject_grade_correlation (first_subject, second_subject, correlation)
VALUES (1, 23, 1);
INSERT INTO public.subject_grade_correlation (first_subject, second_subject, correlation)
VALUES (1, 59, -0.008214930368702054);
INSERT INTO public.subject_grade_correlation (first_subject, second_subject, correlation)
VALUES (1, 60, -0.02211788674281554);
INSERT INTO public.subject_grade_correlation (first_subject, second_subject, correlation)
VALUES (1, 61, -0.01607546891483633);
INSERT INTO public.subject_grade_correlation (first_subject, second_subject, correlation)
VALUES (1, 62, 0.03624837829493869);
INSERT INTO public.subject_grade_correlation (first_subject, second_subject, correlation)
VALUES (1, 15, 0.7);
INSERT INTO public.subject_grade_correlation (first_subject, second_subject, correlation)
VALUES (1, 66, 0.09967947488688635);
INSERT INTO public.subject_grade_correlation (first_subject, second_subject, correlation)
VALUES (1, 81, 0.021401947616770712);
INSERT INTO public.subject_grade_correlation (first_subject, second_subject, correlation)
VALUES (1, 7, 0.2);
INSERT INTO public.subject_grade_correlation (first_subject, second_subject, correlation)
VALUES (4, 39, 0.3);
INSERT INTO public.subject_grade_correlation (first_subject, second_subject, correlation)
VALUES (4, 61, -0.2);
INSERT INTO public.subject_grade_correlation (first_subject, second_subject, correlation)
VALUES (1, 27, -1);
INSERT INTO public.subject_grade_correlation (first_subject, second_subject, correlation)
VALUES (3, 66, -0.4);
INSERT INTO public.subject_grade_correlation (first_subject, second_subject, correlation)
VALUES (4, 41, 0.5);
INSERT INTO public.subject_grade_correlation (first_subject, second_subject, correlation)
VALUES (4, 22, 0.8);
INSERT INTO public.subject_grade_correlation (first_subject, second_subject, correlation)
VALUES (3, 23, -0.7);
INSERT INTO public.subject_grade_correlation (first_subject, second_subject, correlation)
VALUES (4, 12, 0.9);
INSERT INTO public.subject_grade_correlation (first_subject, second_subject, correlation)
VALUES (3, 60, -1);
INSERT INTO public.subject_grade_correlation (first_subject, second_subject, correlation)
VALUES (2, 1, 0.03826682455661278);
INSERT INTO public.subject_grade_correlation (first_subject, second_subject, correlation)
VALUES (2, 2, 1);
INSERT INTO public.subject_grade_correlation (first_subject, second_subject, correlation)
VALUES (2, 4, 0.04112693353145285);
INSERT INTO public.subject_grade_correlation (first_subject, second_subject, correlation)
VALUES (2, 3, 0.00024706585590422725);
INSERT INTO public.subject_grade_correlation (first_subject, second_subject, correlation)
VALUES (2, 7, -0.015042491575122304);
INSERT INTO public.subject_grade_correlation (first_subject, second_subject, correlation)
VALUES (2, 6, 0.027679661062465374);
INSERT INTO public.subject_grade_correlation (first_subject, second_subject, correlation)
VALUES (2, 10, 0.03311494859904338);
INSERT INTO public.subject_grade_correlation (first_subject, second_subject, correlation)
VALUES (2, 11, 0.061834895110284206);
INSERT INTO public.subject_grade_correlation (first_subject, second_subject, correlation)
VALUES (2, 12, 0.03544702427314111);
INSERT INTO public.subject_grade_correlation (first_subject, second_subject, correlation)
VALUES (2, 13, -0.0017174499610896582);
INSERT INTO public.subject_grade_correlation (first_subject, second_subject, correlation)
VALUES (2, 15, 0.017718921896322078);
INSERT INTO public.subject_grade_correlation (first_subject, second_subject, correlation)
VALUES (2, 17, -0.008673372425814964);
INSERT INTO public.subject_grade_correlation (first_subject, second_subject, correlation)
VALUES (2, 22, -0.011972169345199816);
INSERT INTO public.subject_grade_correlation (first_subject, second_subject, correlation)
VALUES (2, 23, 0.011571736819023683);
INSERT INTO public.subject_grade_correlation (first_subject, second_subject, correlation)
VALUES (2, 24, 0.03336599585429054);
INSERT INTO public.subject_grade_correlation (first_subject, second_subject, correlation)
VALUES (2, 26, -0.0012744488916041122);
INSERT INTO public.subject_grade_correlation (first_subject, second_subject, correlation)
VALUES (2, 27, -0.05990318887817419);
INSERT INTO public.subject_grade_correlation (first_subject, second_subject, correlation)
VALUES (2, 29, 0.10757804929921908);
INSERT INTO public.subject_grade_correlation (first_subject, second_subject, correlation)
VALUES (2, 39, -0.03753719007337353);
INSERT INTO public.subject_grade_correlation (first_subject, second_subject, correlation)
VALUES (2, 40, 0.00899718792913378);
INSERT INTO public.subject_grade_correlation (first_subject, second_subject, correlation)
VALUES (2, 41, 0.014012311451131416);
INSERT INTO public.subject_grade_correlation (first_subject, second_subject, correlation)
VALUES (4, 26, 0.2);
INSERT INTO public.subject_grade_correlation (first_subject, second_subject, correlation)
VALUES (2, 59, -0.005406395430805226);
INSERT INTO public.subject_grade_correlation (first_subject, second_subject, correlation)
VALUES (2, 60, -0.07393768198196932);
INSERT INTO public.subject_grade_correlation (first_subject, second_subject, correlation)
VALUES (2, 61, 0.040158639665483144);
INSERT INTO public.subject_grade_correlation (first_subject, second_subject, correlation)
VALUES (2, 62, -0.020768150846734994);
INSERT INTO public.subject_grade_correlation (first_subject, second_subject, correlation)
VALUES (2, 66, -0.020203072221092452);
INSERT INTO public.subject_grade_correlation (first_subject, second_subject, correlation)
VALUES (2, 81, 0.052307509375808255);
INSERT INTO public.subject_grade_correlation (first_subject, second_subject, correlation)
VALUES (4, 1, -0.02709510464671677);
INSERT INTO public.subject_grade_correlation (first_subject, second_subject, correlation)
VALUES (4, 2, 0.04112693353145285);
INSERT INTO public.subject_grade_correlation (first_subject, second_subject, correlation)
VALUES (4, 4, 1);
INSERT INTO public.subject_grade_correlation (first_subject, second_subject, correlation)
VALUES (4, 3, 0.0542725537281143);
INSERT INTO public.subject_grade_correlation (first_subject, second_subject, correlation)
VALUES (4, 7, -0.025649704632363924);
INSERT INTO public.subject_grade_correlation (first_subject, second_subject, correlation)
VALUES (4, 6, 0.019435205836368024);
INSERT INTO public.subject_grade_correlation (first_subject, second_subject, correlation)
VALUES (4, 10, -0.040447768665872776);
INSERT INTO public.subject_grade_correlation (first_subject, second_subject, correlation)
VALUES (4, 11, 0.03459922237844916);
INSERT INTO public.subject_grade_correlation (first_subject, second_subject, correlation)
VALUES (4, 13, -0.05093893107442262);
INSERT INTO public.subject_grade_correlation (first_subject, second_subject, correlation)
VALUES (4, 15, 0.017492503810119804);
INSERT INTO public.subject_grade_correlation (first_subject, second_subject, correlation)
VALUES (4, 17, -0.03291882905214925);
INSERT INTO public.subject_grade_correlation (first_subject, second_subject, correlation)
VALUES (4, 23, 0.02671245752230301);
INSERT INTO public.subject_grade_correlation (first_subject, second_subject, correlation)
VALUES (4, 24, -0.03476883995093298);
INSERT INTO public.subject_grade_correlation (first_subject, second_subject, correlation)
VALUES (4, 27, 0.04167193691439548);
INSERT INTO public.subject_grade_correlation (first_subject, second_subject, correlation)
VALUES (4, 29, -0.016589169683287205);
INSERT INTO public.subject_grade_correlation (first_subject, second_subject, correlation)
VALUES (4, 40, -0.03302187807252146);
INSERT INTO public.subject_grade_correlation (first_subject, second_subject, correlation)
VALUES (4, 59, 0.055306062683062776);
INSERT INTO public.subject_grade_correlation (first_subject, second_subject, correlation)
VALUES (4, 60, 0.1709004567911334);
INSERT INTO public.subject_grade_correlation (first_subject, second_subject, correlation)
VALUES (4, 62, 0.015792386099607647);
INSERT INTO public.subject_grade_correlation (first_subject, second_subject, correlation)
VALUES (4, 66, 0.004963942246928699);
INSERT INTO public.subject_grade_correlation (first_subject, second_subject, correlation)
VALUES (4, 81, 0.023881082457858298);
INSERT INTO public.subject_grade_correlation (first_subject, second_subject, correlation)
VALUES (3, 1, -0.02936716804199381);
INSERT INTO public.subject_grade_correlation (first_subject, second_subject, correlation)
VALUES (3, 2, 0.00024706585590422725);
INSERT INTO public.subject_grade_correlation (first_subject, second_subject, correlation)
VALUES (3, 4, 0.0542725537281143);
INSERT INTO public.subject_grade_correlation (first_subject, second_subject, correlation)
VALUES (3, 3, 1);
INSERT INTO public.subject_grade_correlation (first_subject, second_subject, correlation)
VALUES (3, 7, 0.03654463188687411);
INSERT INTO public.subject_grade_correlation (first_subject, second_subject, correlation)
VALUES (3, 6, 0.014933965736710013);
INSERT INTO public.subject_grade_correlation (first_subject, second_subject, correlation)
VALUES (3, 10, -0.0039671575690624515);
INSERT INTO public.subject_grade_correlation (first_subject, second_subject, correlation)
VALUES (3, 11, 0.03472770625987408);
INSERT INTO public.subject_grade_correlation (first_subject, second_subject, correlation)
VALUES (3, 12, 0.009142348952415379);
INSERT INTO public.subject_grade_correlation (first_subject, second_subject, correlation)
VALUES (3, 13, 0.006444334374404247);
INSERT INTO public.subject_grade_correlation (first_subject, second_subject, correlation)
VALUES (3, 15, -0.01986539673388952);
INSERT INTO public.subject_grade_correlation (first_subject, second_subject, correlation)
VALUES (3, 17, 0.025633514100253225);
INSERT INTO public.subject_grade_correlation (first_subject, second_subject, correlation)
VALUES (3, 22, -0.03755809790542678);
INSERT INTO public.subject_grade_correlation (first_subject, second_subject, correlation)
VALUES (3, 24, -0.03235804111725775);
INSERT INTO public.subject_grade_correlation (first_subject, second_subject, correlation)
VALUES (3, 26, -0.035880003259443606);
INSERT INTO public.subject_grade_correlation (first_subject, second_subject, correlation)
VALUES (3, 27, 0.008570551932138055);
INSERT INTO public.subject_grade_correlation (first_subject, second_subject, correlation)
VALUES (3, 29, -0.03711926414319685);
INSERT INTO public.subject_grade_correlation (first_subject, second_subject, correlation)
VALUES (3, 39, 0.012191882405152737);
INSERT INTO public.subject_grade_correlation (first_subject, second_subject, correlation)
VALUES (3, 40, 0.011652540141170304);
INSERT INTO public.subject_grade_correlation (first_subject, second_subject, correlation)
VALUES (3, 41, 0.02342339126440065);
INSERT INTO public.subject_grade_correlation (first_subject, second_subject, correlation)
VALUES (3, 59, -0.017486601079024822);
INSERT INTO public.subject_grade_correlation (first_subject, second_subject, correlation)
VALUES (3, 61, -0.02840245455320249);
INSERT INTO public.subject_grade_correlation (first_subject, second_subject, correlation)
VALUES (3, 62, -0.06355015863920614);
INSERT INTO public.subject_grade_correlation (first_subject, second_subject, correlation)
VALUES (3, 81, -0.007431473031847822);
INSERT INTO public.subject_grade_correlation (first_subject, second_subject, correlation)
VALUES (7, 1, 0.0280811032948066);
INSERT INTO public.subject_grade_correlation (first_subject, second_subject, correlation)
VALUES (7, 2, -0.015042491575122304);
INSERT INTO public.subject_grade_correlation (first_subject, second_subject, correlation)
VALUES (7, 4, -0.025649704632363924);
INSERT INTO public.subject_grade_correlation (first_subject, second_subject, correlation)
VALUES (7, 3, 0.03654463188687411);
INSERT INTO public.subject_grade_correlation (first_subject, second_subject, correlation)
VALUES (7, 7, 1);
INSERT INTO public.subject_grade_correlation (first_subject, second_subject, correlation)
VALUES (7, 6, -0.03720079169142529);
INSERT INTO public.subject_grade_correlation (first_subject, second_subject, correlation)
VALUES (7, 10, 0.02381496663967938);
INSERT INTO public.subject_grade_correlation (first_subject, second_subject, correlation)
VALUES (7, 11, 0.006543869439212815);
INSERT INTO public.subject_grade_correlation (first_subject, second_subject, correlation)
VALUES (7, 12, -0.0757539465574432);
INSERT INTO public.subject_grade_correlation (first_subject, second_subject, correlation)
VALUES (7, 13, 0.006949888652921325);
INSERT INTO public.subject_grade_correlation (first_subject, second_subject, correlation)
VALUES (7, 15, 0.004288839864973147);
INSERT INTO public.subject_grade_correlation (first_subject, second_subject, correlation)
VALUES (7, 17, 0.03289839252465824);
INSERT INTO public.subject_grade_correlation (first_subject, second_subject, correlation)
VALUES (7, 22, 0.0010032622429836165);
INSERT INTO public.subject_grade_correlation (first_subject, second_subject, correlation)
VALUES (7, 23, 0.06792094019558843);
INSERT INTO public.subject_grade_correlation (first_subject, second_subject, correlation)
VALUES (7, 24, 0.05771558690810576);
INSERT INTO public.subject_grade_correlation (first_subject, second_subject, correlation)
VALUES (7, 26, -0.053742603083804845);
INSERT INTO public.subject_grade_correlation (first_subject, second_subject, correlation)
VALUES (7, 27, -0.050157511310758955);
INSERT INTO public.subject_grade_correlation (first_subject, second_subject, correlation)
VALUES (7, 29, -0.018406789656558762);
INSERT INTO public.subject_grade_correlation (first_subject, second_subject, correlation)
VALUES (7, 39, -0.003214305240451573);
INSERT INTO public.subject_grade_correlation (first_subject, second_subject, correlation)
VALUES (7, 40, 0.03568682765232552);
INSERT INTO public.subject_grade_correlation (first_subject, second_subject, correlation)
VALUES (7, 41, 0.04382818495641486);
INSERT INTO public.subject_grade_correlation (first_subject, second_subject, correlation)
VALUES (7, 59, 0.05664915630639602);
INSERT INTO public.subject_grade_correlation (first_subject, second_subject, correlation)
VALUES (7, 60, 0.008858639603981899);
INSERT INTO public.subject_grade_correlation (first_subject, second_subject, correlation)
VALUES (7, 61, 0.005560263674405874);
INSERT INTO public.subject_grade_correlation (first_subject, second_subject, correlation)
VALUES (7, 62, 0.061546421188749076);
INSERT INTO public.subject_grade_correlation (first_subject, second_subject, correlation)
VALUES (7, 66, 0.03725155201193982);
INSERT INTO public.subject_grade_correlation (first_subject, second_subject, correlation)
VALUES (7, 81, -0.04140681615181018);
INSERT INTO public.subject_grade_correlation (first_subject, second_subject, correlation)
VALUES (6, 1, -0.030142110244715213);
INSERT INTO public.subject_grade_correlation (first_subject, second_subject, correlation)
VALUES (6, 2, 0.027679661062465374);
INSERT INTO public.subject_grade_correlation (first_subject, second_subject, correlation)
VALUES (6, 4, 0.019435205836368024);
INSERT INTO public.subject_grade_correlation (first_subject, second_subject, correlation)
VALUES (6, 3, 0.014933965736710013);
INSERT INTO public.subject_grade_correlation (first_subject, second_subject, correlation)
VALUES (6, 7, -0.03720079169142529);
INSERT INTO public.subject_grade_correlation (first_subject, second_subject, correlation)
VALUES (6, 6, 1);
INSERT INTO public.subject_grade_correlation (first_subject, second_subject, correlation)
VALUES (6, 10, 0.0018677227142526451);
INSERT INTO public.subject_grade_correlation (first_subject, second_subject, correlation)
VALUES (6, 11, -0.05272085816298114);
INSERT INTO public.subject_grade_correlation (first_subject, second_subject, correlation)
VALUES (6, 12, -0.02649625772708581);
INSERT INTO public.subject_grade_correlation (first_subject, second_subject, correlation)
VALUES (6, 13, -0.05002686777158499);
INSERT INTO public.subject_grade_correlation (first_subject, second_subject, correlation)
VALUES (6, 15, -0.03312280918333819);
INSERT INTO public.subject_grade_correlation (first_subject, second_subject, correlation)
VALUES (6, 17, -0.008870970751164357);
INSERT INTO public.subject_grade_correlation (first_subject, second_subject, correlation)
VALUES (6, 22, 0.019198059399957404);
INSERT INTO public.subject_grade_correlation (first_subject, second_subject, correlation)
VALUES (6, 23, 0.033291185402822665);
INSERT INTO public.subject_grade_correlation (first_subject, second_subject, correlation)
VALUES (6, 24, 0.09273195683681817);
INSERT INTO public.subject_grade_correlation (first_subject, second_subject, correlation)
VALUES (6, 26, 0.015365613594360353);
INSERT INTO public.subject_grade_correlation (first_subject, second_subject, correlation)
VALUES (6, 27, 0.028380921374309517);
INSERT INTO public.subject_grade_correlation (first_subject, second_subject, correlation)
VALUES (6, 29, 0.11047266469041957);
INSERT INTO public.subject_grade_correlation (first_subject, second_subject, correlation)
VALUES (6, 39, 0.010466143314548778);
INSERT INTO public.subject_grade_correlation (first_subject, second_subject, correlation)
VALUES (6, 40, 0.025397104527325583);
INSERT INTO public.subject_grade_correlation (first_subject, second_subject, correlation)
VALUES (6, 41, 0.004175213804057231);
INSERT INTO public.subject_grade_correlation (first_subject, second_subject, correlation)
VALUES (6, 59, 0.0658197592223672);
INSERT INTO public.subject_grade_correlation (first_subject, second_subject, correlation)
VALUES (6, 60, -0.06124114656842414);
INSERT INTO public.subject_grade_correlation (first_subject, second_subject, correlation)
VALUES (6, 61, 0.10291393256947776);
INSERT INTO public.subject_grade_correlation (first_subject, second_subject, correlation)
VALUES (6, 62, -0.08323934851155261);
INSERT INTO public.subject_grade_correlation (first_subject, second_subject, correlation)
VALUES (6, 66, 0.04084255625264228);
INSERT INTO public.subject_grade_correlation (first_subject, second_subject, correlation)
VALUES (6, 81, 0.008637959064392568);
INSERT INTO public.subject_grade_correlation (first_subject, second_subject, correlation)
VALUES (10, 1, 0.03553684277307609);
INSERT INTO public.subject_grade_correlation (first_subject, second_subject, correlation)
VALUES (10, 2, 0.03311494859904338);
INSERT INTO public.subject_grade_correlation (first_subject, second_subject, correlation)
VALUES (10, 4, -0.040447768665872776);
INSERT INTO public.subject_grade_correlation (first_subject, second_subject, correlation)
VALUES (10, 3, -0.0039671575690624515);
INSERT INTO public.subject_grade_correlation (first_subject, second_subject, correlation)
VALUES (10, 7, 0.02381496663967938);
INSERT INTO public.subject_grade_correlation (first_subject, second_subject, correlation)
VALUES (10, 6, 0.0018677227142526451);
INSERT INTO public.subject_grade_correlation (first_subject, second_subject, correlation)
VALUES (10, 10, 1);
INSERT INTO public.subject_grade_correlation (first_subject, second_subject, correlation)
VALUES (10, 11, 0.006727152582182051);
INSERT INTO public.subject_grade_correlation (first_subject, second_subject, correlation)
VALUES (10, 12, -0.014422887122965954);
INSERT INTO public.subject_grade_correlation (first_subject, second_subject, correlation)
VALUES (10, 13, 0.028851372395345687);
INSERT INTO public.subject_grade_correlation (first_subject, second_subject, correlation)
VALUES (10, 15, 0.03648132122420298);
INSERT INTO public.subject_grade_correlation (first_subject, second_subject, correlation)
VALUES (10, 17, -0.02694849726307339);
INSERT INTO public.subject_grade_correlation (first_subject, second_subject, correlation)
VALUES (10, 22, 0.15263306020881642);
INSERT INTO public.subject_grade_correlation (first_subject, second_subject, correlation)
VALUES (10, 23, 0.05202458595248073);
INSERT INTO public.subject_grade_correlation (first_subject, second_subject, correlation)
VALUES (10, 24, 0.017797756989573837);
INSERT INTO public.subject_grade_correlation (first_subject, second_subject, correlation)
VALUES (10, 26, -0.004963466417862592);
INSERT INTO public.subject_grade_correlation (first_subject, second_subject, correlation)
VALUES (10, 27, -0.03066497028438584);
INSERT INTO public.subject_grade_correlation (first_subject, second_subject, correlation)
VALUES (10, 29, 0.012886678432519307);
INSERT INTO public.subject_grade_correlation (first_subject, second_subject, correlation)
VALUES (10, 39, 0.012750592393244364);
INSERT INTO public.subject_grade_correlation (first_subject, second_subject, correlation)
VALUES (10, 40, -0.04614471619038345);
INSERT INTO public.subject_grade_correlation (first_subject, second_subject, correlation)
VALUES (10, 41, -0.04587528710822522);
INSERT INTO public.subject_grade_correlation (first_subject, second_subject, correlation)
VALUES (10, 59, 0.02165914829163559);
INSERT INTO public.subject_grade_correlation (first_subject, second_subject, correlation)
VALUES (10, 60, 0.002980300416495643);
INSERT INTO public.subject_grade_correlation (first_subject, second_subject, correlation)
VALUES (10, 61, -0.05480418315656328);
INSERT INTO public.subject_grade_correlation (first_subject, second_subject, correlation)
VALUES (10, 62, -0.008706847493355456);
INSERT INTO public.subject_grade_correlation (first_subject, second_subject, correlation)
VALUES (10, 66, 0.0013971358367875762);
INSERT INTO public.subject_grade_correlation (first_subject, second_subject, correlation)
VALUES (10, 81, -0.051949573807845296);
INSERT INTO public.subject_grade_correlation (first_subject, second_subject, correlation)
VALUES (11, 1, 0.03813336055800914);
INSERT INTO public.subject_grade_correlation (first_subject, second_subject, correlation)
VALUES (11, 2, 0.061834895110284206);
INSERT INTO public.subject_grade_correlation (first_subject, second_subject, correlation)
VALUES (11, 4, 0.03459922237844916);
INSERT INTO public.subject_grade_correlation (first_subject, second_subject, correlation)
VALUES (11, 3, 0.03472770625987408);
INSERT INTO public.subject_grade_correlation (first_subject, second_subject, correlation)
VALUES (11, 7, 0.006543869439212815);
INSERT INTO public.subject_grade_correlation (first_subject, second_subject, correlation)
VALUES (11, 6, -0.05272085816298114);
INSERT INTO public.subject_grade_correlation (first_subject, second_subject, correlation)
VALUES (11, 10, 0.006727152582182051);
INSERT INTO public.subject_grade_correlation (first_subject, second_subject, correlation)
VALUES (11, 11, 1);
INSERT INTO public.subject_grade_correlation (first_subject, second_subject, correlation)
VALUES (11, 12, 0.042715587823687326);
INSERT INTO public.subject_grade_correlation (first_subject, second_subject, correlation)
VALUES (11, 13, -0.023306815850686464);
INSERT INTO public.subject_grade_correlation (first_subject, second_subject, correlation)
VALUES (11, 15, 0.015627880547993134);
INSERT INTO public.subject_grade_correlation (first_subject, second_subject, correlation)
VALUES (11, 17, -0.005475571607573211);
INSERT INTO public.subject_grade_correlation (first_subject, second_subject, correlation)
VALUES (11, 22, -0.007407041433319151);
INSERT INTO public.subject_grade_correlation (first_subject, second_subject, correlation)
VALUES (11, 23, 0.02537377974900371);
INSERT INTO public.subject_grade_correlation (first_subject, second_subject, correlation)
VALUES (11, 24, 0.02785077788252344);
INSERT INTO public.subject_grade_correlation (first_subject, second_subject, correlation)
VALUES (11, 26, -0.0075454059702948885);
INSERT INTO public.subject_grade_correlation (first_subject, second_subject, correlation)
VALUES (11, 27, -0.03389674563766029);
INSERT INTO public.subject_grade_correlation (first_subject, second_subject, correlation)
VALUES (11, 29, -0.00691943743075019);
INSERT INTO public.subject_grade_correlation (first_subject, second_subject, correlation)
VALUES (11, 39, 0.07001575238571334);
INSERT INTO public.subject_grade_correlation (first_subject, second_subject, correlation)
VALUES (11, 40, -0.009829872911169409);
INSERT INTO public.subject_grade_correlation (first_subject, second_subject, correlation)
VALUES (11, 41, 0.09106144820603485);
INSERT INTO public.subject_grade_correlation (first_subject, second_subject, correlation)
VALUES (11, 59, -0.0496588862894899);
INSERT INTO public.subject_grade_correlation (first_subject, second_subject, correlation)
VALUES (11, 60, 0.0031660386076270064);
INSERT INTO public.subject_grade_correlation (first_subject, second_subject, correlation)
VALUES (11, 61, -0.006934498887017066);
INSERT INTO public.subject_grade_correlation (first_subject, second_subject, correlation)
VALUES (11, 62, -0.03954181904910483);
INSERT INTO public.subject_grade_correlation (first_subject, second_subject, correlation)
VALUES (11, 66, -0.05763872999764547);
INSERT INTO public.subject_grade_correlation (first_subject, second_subject, correlation)
VALUES (11, 81, 0.08563401187393516);
INSERT INTO public.subject_grade_correlation (first_subject, second_subject, correlation)
VALUES (12, 1, 0.01433880597332955);
INSERT INTO public.subject_grade_correlation (first_subject, second_subject, correlation)
VALUES (12, 2, 0.03544702427314111);
INSERT INTO public.subject_grade_correlation (first_subject, second_subject, correlation)
VALUES (12, 4, 0.03767129738524125);
INSERT INTO public.subject_grade_correlation (first_subject, second_subject, correlation)
VALUES (12, 3, 0.009142348952415379);
INSERT INTO public.subject_grade_correlation (first_subject, second_subject, correlation)
VALUES (12, 7, -0.0757539465574432);
INSERT INTO public.subject_grade_correlation (first_subject, second_subject, correlation)
VALUES (12, 6, -0.02649625772708581);
INSERT INTO public.subject_grade_correlation (first_subject, second_subject, correlation)
VALUES (12, 10, -0.014422887122965954);
INSERT INTO public.subject_grade_correlation (first_subject, second_subject, correlation)
VALUES (12, 11, 0.042715587823687326);
INSERT INTO public.subject_grade_correlation (first_subject, second_subject, correlation)
VALUES (12, 12, 1);
INSERT INTO public.subject_grade_correlation (first_subject, second_subject, correlation)
VALUES (12, 13, 0.09910470776013519);
INSERT INTO public.subject_grade_correlation (first_subject, second_subject, correlation)
VALUES (12, 15, 0.025183186362007365);
INSERT INTO public.subject_grade_correlation (first_subject, second_subject, correlation)
VALUES (12, 17, -0.013710247703898826);
INSERT INTO public.subject_grade_correlation (first_subject, second_subject, correlation)
VALUES (12, 22, -0.043198024714360614);
INSERT INTO public.subject_grade_correlation (first_subject, second_subject, correlation)
VALUES (12, 23, 0.016663055637877927);
INSERT INTO public.subject_grade_correlation (first_subject, second_subject, correlation)
VALUES (12, 24, -0.060539376385771865);
INSERT INTO public.subject_grade_correlation (first_subject, second_subject, correlation)
VALUES (12, 26, 0.03427563962236257);
INSERT INTO public.subject_grade_correlation (first_subject, second_subject, correlation)
VALUES (12, 27, 0.047896360248227195);
INSERT INTO public.subject_grade_correlation (first_subject, second_subject, correlation)
VALUES (12, 29, -0.010217617399930583);
INSERT INTO public.subject_grade_correlation (first_subject, second_subject, correlation)
VALUES (12, 39, 0.03671532523940551);
INSERT INTO public.subject_grade_correlation (first_subject, second_subject, correlation)
VALUES (12, 40, 0.04650140211564046);
INSERT INTO public.subject_grade_correlation (first_subject, second_subject, correlation)
VALUES (12, 41, -0.04422698721159858);
INSERT INTO public.subject_grade_correlation (first_subject, second_subject, correlation)
VALUES (12, 59, 0.04178407922765229);
INSERT INTO public.subject_grade_correlation (first_subject, second_subject, correlation)
VALUES (12, 60, -0.061032740902295816);
INSERT INTO public.subject_grade_correlation (first_subject, second_subject, correlation)
VALUES (12, 61, -0.05455205241481897);
INSERT INTO public.subject_grade_correlation (first_subject, second_subject, correlation)
VALUES (12, 62, 0.07669906863026904);
INSERT INTO public.subject_grade_correlation (first_subject, second_subject, correlation)
VALUES (12, 66, 0.039731761882175476);
INSERT INTO public.subject_grade_correlation (first_subject, second_subject, correlation)
VALUES (12, 81, -0.04684139695812868);
INSERT INTO public.subject_grade_correlation (first_subject, second_subject, correlation)
VALUES (13, 1, -0.0528468519990133);
INSERT INTO public.subject_grade_correlation (first_subject, second_subject, correlation)
VALUES (13, 2, -0.0017174499610896582);
INSERT INTO public.subject_grade_correlation (first_subject, second_subject, correlation)
VALUES (13, 4, -0.05093893107442262);
INSERT INTO public.subject_grade_correlation (first_subject, second_subject, correlation)
VALUES (13, 3, 0.006444334374404247);
INSERT INTO public.subject_grade_correlation (first_subject, second_subject, correlation)
VALUES (13, 7, 0.006949888652921325);
INSERT INTO public.subject_grade_correlation (first_subject, second_subject, correlation)
VALUES (13, 6, -0.05002686777158499);
INSERT INTO public.subject_grade_correlation (first_subject, second_subject, correlation)
VALUES (13, 10, 0.028851372395345687);
INSERT INTO public.subject_grade_correlation (first_subject, second_subject, correlation)
VALUES (13, 11, -0.023306815850686464);
INSERT INTO public.subject_grade_correlation (first_subject, second_subject, correlation)
VALUES (13, 12, 0.09910470776013519);
INSERT INTO public.subject_grade_correlation (first_subject, second_subject, correlation)
VALUES (13, 13, 1);
INSERT INTO public.subject_grade_correlation (first_subject, second_subject, correlation)
VALUES (13, 15, -0.04175877248634507);
INSERT INTO public.subject_grade_correlation (first_subject, second_subject, correlation)
VALUES (13, 17, -0.014331687402776608);
INSERT INTO public.subject_grade_correlation (first_subject, second_subject, correlation)
VALUES (13, 22, -0.07927939047380939);
INSERT INTO public.subject_grade_correlation (first_subject, second_subject, correlation)
VALUES (13, 23, 0.013864020923445415);
INSERT INTO public.subject_grade_correlation (first_subject, second_subject, correlation)
VALUES (13, 24, 0.01928543446433772);
INSERT INTO public.subject_grade_correlation (first_subject, second_subject, correlation)
VALUES (13, 26, -0.0015314929499458546);
INSERT INTO public.subject_grade_correlation (first_subject, second_subject, correlation)
VALUES (13, 27, 0.05629925664580851);
INSERT INTO public.subject_grade_correlation (first_subject, second_subject, correlation)
VALUES (13, 29, 0.0022814310308548517);
INSERT INTO public.subject_grade_correlation (first_subject, second_subject, correlation)
VALUES (13, 39, -0.011496293593170998);
INSERT INTO public.subject_grade_correlation (first_subject, second_subject, correlation)
VALUES (13, 40, -0.0017973003729252965);
INSERT INTO public.subject_grade_correlation (first_subject, second_subject, correlation)
VALUES (13, 41, 0.04901186560656042);
INSERT INTO public.subject_grade_correlation (first_subject, second_subject, correlation)
VALUES (13, 59, -0.07104603446800829);
INSERT INTO public.subject_grade_correlation (first_subject, second_subject, correlation)
VALUES (13, 60, 0.02005555283463022);
INSERT INTO public.subject_grade_correlation (first_subject, second_subject, correlation)
VALUES (13, 61, 0.041584915601088436);
INSERT INTO public.subject_grade_correlation (first_subject, second_subject, correlation)
VALUES (13, 62, 0.04837646949493096);
INSERT INTO public.subject_grade_correlation (first_subject, second_subject, correlation)
VALUES (13, 66, -0.02332008823628629);
INSERT INTO public.subject_grade_correlation (first_subject, second_subject, correlation)
VALUES (13, 81, -0.06790266071983274);
INSERT INTO public.subject_grade_correlation (first_subject, second_subject, correlation)
VALUES (15, 1, -0.0013507384289578764);
INSERT INTO public.subject_grade_correlation (first_subject, second_subject, correlation)
VALUES (15, 2, 0.017718921896322078);
INSERT INTO public.subject_grade_correlation (first_subject, second_subject, correlation)
VALUES (15, 4, 0.017492503810119804);
INSERT INTO public.subject_grade_correlation (first_subject, second_subject, correlation)
VALUES (15, 3, -0.01986539673388952);
INSERT INTO public.subject_grade_correlation (first_subject, second_subject, correlation)
VALUES (15, 7, 0.004288839864973147);
INSERT INTO public.subject_grade_correlation (first_subject, second_subject, correlation)
VALUES (15, 6, -0.03312280918333819);
INSERT INTO public.subject_grade_correlation (first_subject, second_subject, correlation)
VALUES (15, 10, 0.03648132122420298);
INSERT INTO public.subject_grade_correlation (first_subject, second_subject, correlation)
VALUES (15, 11, 0.015627880547993134);
INSERT INTO public.subject_grade_correlation (first_subject, second_subject, correlation)
VALUES (15, 12, 0.025183186362007365);
INSERT INTO public.subject_grade_correlation (first_subject, second_subject, correlation)
VALUES (15, 13, -0.04175877248634507);
INSERT INTO public.subject_grade_correlation (first_subject, second_subject, correlation)
VALUES (15, 15, 1);
INSERT INTO public.subject_grade_correlation (first_subject, second_subject, correlation)
VALUES (15, 17, 0.03183300894558527);
INSERT INTO public.subject_grade_correlation (first_subject, second_subject, correlation)
VALUES (15, 22, -0.013674426189568118);
INSERT INTO public.subject_grade_correlation (first_subject, second_subject, correlation)
VALUES (15, 23, -0.04668765204283975);
INSERT INTO public.subject_grade_correlation (first_subject, second_subject, correlation)
VALUES (15, 24, -0.005039479767129375);
INSERT INTO public.subject_grade_correlation (first_subject, second_subject, correlation)
VALUES (15, 26, -0.031751297912969836);
INSERT INTO public.subject_grade_correlation (first_subject, second_subject, correlation)
VALUES (15, 27, 0.01936273870152207);
INSERT INTO public.subject_grade_correlation (first_subject, second_subject, correlation)
VALUES (15, 29, 0.009688984376693768);
INSERT INTO public.subject_grade_correlation (first_subject, second_subject, correlation)
VALUES (15, 39, -0.07595779955961914);
INSERT INTO public.subject_grade_correlation (first_subject, second_subject, correlation)
VALUES (15, 40, 0.008787953082353042);
INSERT INTO public.subject_grade_correlation (first_subject, second_subject, correlation)
VALUES (15, 41, 0.025534037265285615);
INSERT INTO public.subject_grade_correlation (first_subject, second_subject, correlation)
VALUES (15, 59, -0.08139116689332711);
INSERT INTO public.subject_grade_correlation (first_subject, second_subject, correlation)
VALUES (15, 60, -0.023689417961155698);
INSERT INTO public.subject_grade_correlation (first_subject, second_subject, correlation)
VALUES (15, 61, -0.06343320113175388);
INSERT INTO public.subject_grade_correlation (first_subject, second_subject, correlation)
VALUES (15, 62, -0.0700455235776471);
INSERT INTO public.subject_grade_correlation (first_subject, second_subject, correlation)
VALUES (15, 66, -0.003094001558056828);
INSERT INTO public.subject_grade_correlation (first_subject, second_subject, correlation)
VALUES (15, 81, -0.0020433603142967272);
INSERT INTO public.subject_grade_correlation (first_subject, second_subject, correlation)
VALUES (17, 1, -0.02461132466079115);
INSERT INTO public.subject_grade_correlation (first_subject, second_subject, correlation)
VALUES (17, 2, -0.008673372425814964);
INSERT INTO public.subject_grade_correlation (first_subject, second_subject, correlation)
VALUES (17, 4, -0.03291882905214925);
INSERT INTO public.subject_grade_correlation (first_subject, second_subject, correlation)
VALUES (17, 3, 0.025633514100253225);
INSERT INTO public.subject_grade_correlation (first_subject, second_subject, correlation)
VALUES (17, 7, 0.03289839252465824);
INSERT INTO public.subject_grade_correlation (first_subject, second_subject, correlation)
VALUES (17, 6, -0.008870970751164357);
INSERT INTO public.subject_grade_correlation (first_subject, second_subject, correlation)
VALUES (17, 10, -0.02694849726307339);
INSERT INTO public.subject_grade_correlation (first_subject, second_subject, correlation)
VALUES (17, 11, -0.005475571607573211);
INSERT INTO public.subject_grade_correlation (first_subject, second_subject, correlation)
VALUES (17, 12, -0.013710247703898826);
INSERT INTO public.subject_grade_correlation (first_subject, second_subject, correlation)
VALUES (17, 13, -0.014331687402776608);
INSERT INTO public.subject_grade_correlation (first_subject, second_subject, correlation)
VALUES (17, 15, 0.03183300894558527);
INSERT INTO public.subject_grade_correlation (first_subject, second_subject, correlation)
VALUES (17, 17, 1);
INSERT INTO public.subject_grade_correlation (first_subject, second_subject, correlation)
VALUES (17, 22, -0.0460626290874204);
INSERT INTO public.subject_grade_correlation (first_subject, second_subject, correlation)
VALUES (17, 23, 0.030212853188459888);
INSERT INTO public.subject_grade_correlation (first_subject, second_subject, correlation)
VALUES (17, 24, -0.03688516912610167);
INSERT INTO public.subject_grade_correlation (first_subject, second_subject, correlation)
VALUES (17, 26, -0.028353627562187466);
INSERT INTO public.subject_grade_correlation (first_subject, second_subject, correlation)
VALUES (17, 27, -0.009228437945444642);
INSERT INTO public.subject_grade_correlation (first_subject, second_subject, correlation)
VALUES (17, 29, 0.05588343878088943);
